1  2   -2.3600  1.0
1  3   -2.6800  1.0
1  4   -2.8800  1.0
1  5   -2.4400  1.0
1  6   -2.1200  1.0
2  1   2.2800  1.0
2  3   -0.3600  1.0
2  4   -0.6000  1.0
2  5   -0.0800  1.0
2  6   -0.1600  1.0
3  1   2.6400  1.0
3  2   0.3600  1.0
3  4   -0.2000  1.0
3  5   0.2800  1.0
3  6   -0.1200  1.0
4  1   2.8400  1.0
4  2   0.6000  1.0
4  3   0.2000  1.0
4  5   0.4800  1.0
4  6   -0.1200  1.0
5  1   2.4000  1.0
5  2   0.0800  1.0
5  3   -0.2800  1.0
5  4   -0.4800  1.0
5  6   -0.2000  1.0
6  1   2.2800  1.0
6  2   0.1600  1.0
6  3   0.0800  1.0
6  4   0.1200  1.0
6  5   0.2400  1.0
